        time, timestamp,  aX(m/s²),  aY(m/s²),  aZ(m/s²), |a|(m/s²),  Ax(m/s²),  Ay(m/s²),  Az(m/s²), |A|(m/s²),   Gx(°/s),   Gy(°/s),   Gz(°/s),G_abs(°/s),  MagX(uT),  MagY(uT),  MagZ(uT),Mag_abs(uT), THE(°C),Pressure(hPa),height(m),        w,         x,         y,         z, angleX(°), angleY(°), angleZ(°),offsetX(m),offsetY(m),offsetZ(m),     steps,state, asX(m/s²), asY(m/s²), asZ(m/s²),|as|(m/s²), ADC1,GPIO
16:05:19.755,    194660,    -0.057,    -0.053,     0.057,     0.097,    -4.752,    -4.637,     7.345,     9.901,     0.000,     0.000,     0.000,     0.000,     3.474,    53.023,   -60.274,    80.352,     26.63,  1006.972,    52.395,    0.9334,   -0.2465,    0.2601,   -0.0144,   -32.179,    28.592,   -10.173,     0.000,     0.000,     0.000,         0, idle,    -0.014,    -0.005,     0.096,     0.097, 2756,  01
16:05:19.815,    194693,    -0.057,    -0.053,     0.062,     0.100,    -4.752,    -4.637,     7.345,     9.901,     0.000,     0.000,     0.000,     0.000,     3.928,    52.872,   -60.274,    80.273,     26.63,  1006.972,    52.395,    0.9334,   -0.2465,    0.2602,   -0.0143,   -32.184,    28.597,   -10.173,     0.000,     0.000,     0.000,         0, idle,    -0.014,    -0.005,     0.096,     0.097, 2736,  01
16:05:19.830,    194726,    -0.057,    -0.048,     0.062,     0.097,    -4.752,    -4.637,     7.345,     9.901,     0.000,     0.000,     0.000,     0.000,     3.777,    53.023,   -60.425,    80.479,     26.63,  1006.972,    52.395,    0.9334,   -0.2465,    0.2602,   -0.0143,   -32.184,    28.597,   -10.173,     0.000,     0.000,     0.000,         0, idle,    -0.014,    -0.005,     0.096,     0.097, 2747,  01
16:05:19.860,    194759,    -0.057,    -0.048,     0.062,     0.097,    -4.752,    -4.637,     7.345,     9.901,     0.000,     0.000,     0.000,     0.000,     3.928,    53.476,   -59.972,    80.447,     26.63,  1006.972,    52.395,    0.9334,   -0.2465,    0.2603,   -0.0143,   -32.190,    28.603,   -10.179,     0.000,     0.000,     0.000,         0, idle,    -0.014,    -0.005,     0.096,     0.097, 2749,  01
16:05:19.890,    194792,    -0.057,    -0.048,     0.062,     0.097,    -4.752,    -4.637,     7.345,     9.901,     0.000,     0.000,     0.000,     0.000,     3.928,    53.627,   -60.123,    80.660,     26.63,  1006.972,    52.395,    0.9334,   -0.2466,    0.2603,   -0.0143,   -32.195,    28.608,   -10.179,     0.000,     0.000,     0.000,         0, idle,    -0.014,    -0.005,     0.096,     0.097, 2750,  01
16:05:19.920,    194825,    -0.057,    -0.048,     0.062,     0.097,    -4.752,    -4.637,     7.345,     9.901,     0.000,     0.000,     0.000,     0.000,     3.474,    53.325,   -60.123,    80.439,     26.63,  1006.972,    52.395,    0.9334,   -0.2466,    0.2603,   -0.0143,   -32.195,    28.608,   -10.179,     0.000,     0.000,     0.000,         0, idle,    -0.010,    -0.005,     0.096,     0.096, 2750,  01
16:05:19.965,    194858,    -0.057,    -0.048,     0.062,     0.097,    -4.752,    -4.637,     7.345,     9.901,     0.000,     0.000,     0.000,     0.000,     4.079,    53.325,   -60.274,    80.580,     26.62,  1006.972,    52.395,    0.9333,   -0.2466,    0.2603,   -0.0143,   -32.201,    28.614,   -10.179,     0.000,     0.000,     0.000,         0, idle,    -0.010,    -0.005,     0.096,     0.096, 2750,  01
16:05:19.994,    194891,    -0.057,    -0.048,     0.062,     0.097,    -4.752,    -4.637,     7.345,     9.901,     0.000,     0.000,     0.000,     0.000,     4.079,    53.325,   -60.274,    80.580,     26.62,  1006.972,    52.395,    0.9333,   -0.2466,    0.2604,   -0.0143,   -32.201,    28.619,   -10.184,     0.000,     0.000,     0.000,         0, idle,    -0.010,    -0.005,     0.096,     0.096, 2753,  01
16:05:20.025,    194924,    -0.053,    -0.048,     0.062,     0.094,    -4.752,    -4.637,     7.345,     9.901,     0.000,     0.000,     0.000,     0.000,     3.928,    53.325,   -60.274,    80.572,     26.63,  1006.972,    52.395,    0.9333,   -0.2466,    0.2604,   -0.0143,   -32.206,    28.619,   -10.184,     0.000,     0.000,     0.000,         0, idle,    -0.010,    -0.005,     0.096,     0.096, 2756,  01
16:05:20.055,    194957,    -0.053,    -0.048,     0.062,     0.094,    -4.752,    -4.637,     7.345,     9.901,     0.000,     0.000,     0.000,     0.000,     4.079,    53.476,   -60.123,    80.567,     26.62,  1006.972,    52.395,    0.9333,   -0.2466,    0.2604,   -0.0143,   -32.206,    28.625,   -10.184,     0.000,     0.000,     0.000,         0, idle,    -0.010,    -0.005,     0.096,     0.096, 2756,  01
16:05:20.085,    194990,    -0.053,    -0.048,     0.062,     0.094,    -4.752,    -4.637,     7.345,     9.901,     0.000,     0.000,     0.000,     0.000,     4.079,    53.023,   -60.123,    80.267,     26.62,  1006.973,    52.393,    0.9333,   -0.2466,    0.2605,   -0.0143,   -32.212,    28.625,   -10.184,     0.000,     0.000,     0.000,         0, idle,    -0.010,    -0.005,     0.096,     0.096, 2755,  01
16:05:20.130,    195023,    -0.053,    -0.048,     0.062,     0.094,    -4.752,    -4.637,     7.345,     9.901,     0.000,     0.000,     0.000,     0.000,     3.928,    53.476,   -60.425,    80.785,     26.62,  1006.973,    52.393,    0.9333,   -0.2467,    0.2605,   -0.0143,   -32.212,    28.630,   -10.190,     0.000,     0.000,     0.000,         0, idle,    -0.010,    -0.005,     0.096,     0.096, 2754,  01
16:05:20.160,    195056,    -0.053,    -0.048,     0.062,     0.094,    -4.752,    -4.637,     7.345,     9.901,     0.000,     0.000,     0.000,     0.000,     4.079,    53.023,   -60.123,    80.267,     26.63,  1006.973,    52.393,    0.9333,   -0.2467,    0.2605,   -0.0143,   -32.217,    28.630,   -10.190,     0.000,     0.000,     0.000,         0, idle,    -0.010,    -0.005,     0.096,     0.096, 2756,  01
16:05:20.190,    195089,    -0.053,    -0.048,     0.067,     0.098,    -4.752,    -4.637,     7.345,     9.901,     0.000,     0.000,     0.000,     0.000,     3.777,    53.174,   -60.425,    80.578,     26.62,  1006.973,    52.393,    0.9333,   -0.2467,    0.2605,   -0.0143,   -32.217,    28.636,   -10.190,     0.000,     0.000,     0.000,         0, idle,    -0.010,     0.000,     0.096,     0.096, 2759,  01
16:05:20.235,    195122,    -0.053,    -0.048,     0.067,     0.098,    -4.752,    -4.637,     7.345,     9.901,     0.000,     0.000,     0.000,     0.000,     3.928,    53.023,   -59.972,    80.146,     26.62,  1006.973,    52.393,    0.9333,   -0.2467,    0.2606,   -0.0143,   -32.217,    28.636,   -10.190,     0.000,     0.000,     0.000,         0, idle,    -0.005,     0.000,     0.096,     0.096, 2759,  01
16:05:20.250,    195155,    -0.053,    -0.048,     0.067,     0.098,    -4.756,    -4.637,     7.345,     9.903,     0.000,     0.000,     0.000,     0.000,     3.777,    53.023,   -60.274,    80.365,     26.62,  1006.973,    52.390,    0.9333,   -0.2467,    0.2606,   -0.0143,   -32.223,    28.641,   -10.190,     0.000,     0.000,     0.000,         0, idle,    -0.010,     0.000,     0.096,     0.096, 2759,  01
16:05:20.295,    195188,    -0.053,    -0.048,     0.067,     0.098,    -4.756,    -4.637,     7.345,     9.903,     0.000,     0.000,     0.000,     0.000,     3.777,    53.174,   -60.274,    80.465,     26.62,  1006.973,    52.390,    0.9333,   -0.2467,    0.2606,   -0.0143,   -32.223,    28.641,   -10.190,     0.000,     0.000,     0.000,         0, idle,    -0.010,     0.000,     0.096,     0.096, 2745,  01
16:05:20.325,    195221,    -0.053,    -0.048,     0.067,     0.098,    -4.752,    -4.637,     7.345,     9.901,     0.000,     0.000,     0.000,     0.000,     3.928,    53.023,   -60.425,    80.486,     26.62,  1006.973,    52.390,    0.9333,   -0.2467,    0.2606,   -0.0143,   -32.223,    28.647,   -10.195,     0.000,     0.000,     0.000,         0, idle,    -0.005,     0.000,     0.096,     0.096, 2741,  01
16:05:20.355,    195254,    -0.053,    -0.048,     0.067,     0.098,    -4.752,    -4.637,     7.345,     9.901,     0.000,     0.000,     0.000,     0.000,     4.079,    53.174,   -60.123,    80.367,     26.62,  1006.973,    52.388,    0.9332,   -0.2467,    0.2607,   -0.0143,   -32.228,    28.647,   -10.195,     0.000,     0.000,     0.000,         0, idle,    -0.005,     0.000,     0.096,     0.096, 2748,  01
16:05:20.385,    195287,    -0.053,    -0.048,     0.067,     0.098,    -4.756,    -4.637,     7.345,     9.903,     0.000,     0.000,     0.000,     0.000,     3.928,    53.023,   -59.972,    80.146,     26.62,  1006.974,    52.386,    0.9332,   -0.2467,    0.2607,   -0.0143,   -32.228,    28.647,   -10.195,     0.000,     0.000,     0.000,         0, idle,    -0.005,     0.000,     0.096,     0.096, 2750,  01
16:05:20.415,    195320,    -0.053,    -0.048,     0.067,     0.098,    -4.756,    -4.637,     7.345,     9.903,     0.000,     0.000,     0.000,     0.000,     3.625,    53.023,   -60.123,    80.245,     26.62,  1006.974,    52.380,    0.9332,   -0.2467,    0.2607,   -0.0143,   -32.228,    28.652,   -10.195,     0.000,     0.000,     0.000,         0, idle,    -0.005,     0.000,     0.096,     0.096, 2750,  01
16:05:20.460,    195353,    -0.053,    -0.048,     0.067,     0.098,    -4.756,    -4.637,     7.345,     9.903,     0.000,     0.000,     0.000,     0.000,     4.079,    53.476,   -60.274,    80.680,     26.62,  1006.974,    52.377,    0.9332,   -0.2468,    0.2607,   -0.0143,   -32.228,    28.652,   -10.195,     0.000,     0.000,     0.000,         0, idle,    -0.005,     0.000,     0.100,     0.101, 2753,  01
16:05:20.490,    195386,    -0.053,    -0.048,     0.067,     0.098,    -4.756,    -4.637,     7.345,     9.903,     0.000,     0.000,     0.000,     0.000,     3.928,    53.476,   -60.274,    80.672,     26.62,  1006.975,    52.372,    0.9332,   -0.2468,    0.2607,   -0.0143,   -32.234,    28.658,   -10.195,     0.000,     0.000,     0.000,         0, idle,    -0.005,     0.000,     0.100,     0.101, 2755,  01
16:05:20.520,    195419,    -0.053,    -0.048,     0.067,     0.098,    -4.756,    -4.637,     7.345,     9.903,     0.000,     0.000,     0.000,     0.000,     3.474,    53.023,   -60.425,    80.465,     26.62,  1006.976,    52.366,    0.9332,   -0.2468,    0.2607,   -0.0143,   -32.234,    28.658,   -10.195,     0.000,     0.000,     0.000,         0, idle,    -0.005,     0.000,     0.096,     0.096, 2756,  01
16:05:20.550,    195452,    -0.048,    -0.048,     0.067,     0.095,    -4.752,    -4.637,     7.345,     9.901,     0.000,     0.000,     0.000,     0.000,     3.928,    53.476,   -59.972,    80.447,     26.62,  1006.976,    52.364,    0.9332,   -0.2468,    0.2607,   -0.0143,   -32.234,    28.658,   -10.195,     0.000,     0.000,     0.000,         0, idle,    -0.005,     0.000,     0.096,     0.096, 2756,  01
16:05:20.580,    195485,    -0.053,    -0.043,     0.067,     0.095,    -4.756,    -4.637,     7.345,     9.903,     0.000,     0.000,     0.000,     0.000,     4.079,    53.325,   -60.425,    80.693,     26.62,  1006.977,    52.356,    0.9332,   -0.2468,    0.2608,   -0.0143,   -32.234,    28.663,   -10.201,     0.000,     0.000,     0.000,         0, idle,    -0.005,     0.000,     0.096,     0.096, 2759,  01
16:05:20.625,    195518,    -0.048,    -0.043,     0.067,     0.093,    -4.756,    -4.637,     7.345,     9.903,     0.000,     0.000,     0.000,     0.000,     4.079,    53.476,   -60.123,    80.567,     26.62,  1006.978,    52.354,    0.9332,   -0.2468,    0.2608,   -0.0143,   -32.234,    28.663,   -10.201,     0.000,     0.000,     0.000,         0, idle,    -0.005,     0.000,     0.096,     0.096, 2756,  01
16:05:20.655,    195551,    -0.053,    -0.043,     0.067,     0.095,    -4.756,    -4.637,     7.345,     9.903,     0.000,     0.000,     0.000,     0.000,     3.777,    53.174,   -60.123,    80.352,     26.62,  1006.978,    52.348,    0.9332,   -0.2468,    0.2608,   -0.0143,   -32.239,    28.663,   -10.201,     0.000,     0.000,     0.000,         0, idle,    -0.005,     0.000,     0.096,     0.096, 2756,  01
16:05:20.685,    195584,    -0.053,    -0.043,     0.067,     0.095,    -4.756,    -4.637,     7.345,     9.903,     0.000,     0.000,     0.000,     0.000,     3.928,    53.325,   -60.123,    80.459,     26.62,  1006.979,    52.343,    0.9332,   -0.2468,    0.2608,   -0.0143,   -32.239,    28.663,   -10.201,     0.000,     0.000,     0.000,         0, idle,    -0.005,     0.000,     0.096,     0.096, 2758,  01
16:05:20.715,    195617,    -0.053,    -0.043,     0.067,     0.095,    -4.756,    -4.637,     7.345,     9.903,     0.000,     0.000,     0.000,     0.000,     3.625,    53.476,   -60.274,    80.658,     26.62,  1006.979,    52.337,    0.9332,   -0.2468,    0.2608,   -0.0143,   -32.239,    28.669,   -10.201,     0.000,     0.000,     0.000,         0, idle,    -0.005,     0.000,     0.096,     0.096, 2759,  01
16:05:20.745,    195650,    -0.048,    -0.043,     0.072,     0.096,    -4.752,    -4.637,     7.345,     9.901,     0.000,     0.000,     0.000,     0.000,     3.625,    53.325,   -60.274,    80.558,     26.63,  1006.980,    52.332,    0.9332,   -0.2468,    0.2608,   -0.0143,   -32.239,    28.669,   -10.201,     0.000,     0.000,     0.000,         0, idle,     0.000,     0.000,     0.096,     0.096, 2751,  01
16:05:20.790,    195683,    -0.048,    -0.043,     0.072,     0.096,    -4.752,    -4.637,     7.345,     9.901,     0.000,     0.000,     0.000,     0.000,     3.777,    53.325,   -60.425,    80.678,     26.63,  1006.980,    52.327,    0.9332,   -0.2468,    0.2608,   -0.0143,   -32.239,    28.669,   -10.201,     0.000,     0.000,     0.000,         0, idle,     0.000,     0.000,     0.096,     0.096, 2738,  01
16:05:20.820,    195716,    -0.048,    -0.043,     0.072,     0.096,    -4.752,    -4.637,     7.345,     9.901,     0.000,     0.000,     0.000,     0.000,     3.928,    53.174,   -60.576,    80.699,     26.63,  1006.981,    52.325,    0.9332,   -0.2468,    0.2608,   -0.0143,   -32.239,    28.669,   -10.201,     0.000,     0.000,     0.000,         0, idle,     0.000,     0.000,     0.096,     0.096, 2741,  01
16:05:20.850,    195749,    -0.048,    -0.043,     0.072,     0.096,    -4.752,    -4.632,     7.345,     9.899,     0.000,     0.000,     0.000,     0.000,     3.928,    53.174,   -60.425,    80.586,     26.62,  1006.981,    52.321,    0.9332,   -0.2468,    0.2608,   -0.0143,   -32.239,    28.669,   -10.201,     0.000,     0.000,     0.000,         0, idle,     0.000,     0.000,     0.096,     0.096, 2750,  01
16:05:20.880,    195782,    -0.048,    -0.043,     0.072,     0.096,    -4.752,    -4.632,     7.345,     9.899,     0.000,     0.000,     0.000,     0.000,     3.777,    53.023,   -60.425,    80.479,     26.62,  1006.981,    52.319,    0.9332,   -0.2468,    0.2609,   -0.0143,   -32.239,    28.674,   -10.201,     0.000,     0.000,     0.000,         0, idle,     0.000,     0.000,     0.096,     0.096, 2752,  01
16:05:20.910,    195815,    -0.048,    -0.043,     0.072,     0.096,    -4.752,    -4.632,     7.345,     9.899,     0.000,     0.000,     0.000,     0.000,     3.625,    53.023,   -60.576,    80.585,     26.63,  1006.982,    52.319,    0.9332,   -0.2468,    0.2609,   -0.0143,   -32.239,    28.674,   -10.201,     0.000,     0.000,     0.000,         0, idle,     0.000,     0.000,     0.096,     0.096, 2755,  01
16:05:20.970,    195848,    -0.048,    -0.043,     0.072,     0.096,    -4.752,    -4.632,     7.350,     9.902,     0.000,     0.000,     0.000,     0.000,     3.928,    53.174,   -60.274,    80.472,     26.63,  1006.982,    52.317,    0.9332,   -0.2468,    0.2609,   -0.0143,   -32.239,    28.674,   -10.201,     0.000,     0.000,     0.000,         0, idle,     0.000,     0.000,     0.096,     0.096, 2756,  01
16:05:21.001,    195881,    -0.048,    -0.043,     0.072,     0.096,    -4.752,    -4.632,     7.345,     9.899,     0.000,     0.000,     0.000,     0.000,     3.928,    53.174,   -60.576,    80.699,     26.63,  1006.982,    52.314,    0.9332,   -0.2468,    0.2609,   -0.0143,   -32.239,    28.674,   -10.201,     0.000,     0.000,     0.000,         0, idle,     0.000,     0.000,     0.096,     0.096, 2756,  01
16:05:21.015,    195914,    -0.048,    -0.043,     0.072,     0.096,    -4.752,    -4.632,     7.345,     9.899,     0.000,     0.000,     0.000,     0.000,     3.928,    53.023,   -60.274,    80.373,     26.63,  1006.982,    52.314,    0.9332,   -0.2468,    0.2609,   -0.0143,   -32.239,    28.674,   -10.201,     0.000,     0.000,     0.000,         0, idle,     0.000,     0.000,     0.096,     0.096, 2756,  01
16:05:21.045,    195947,    -0.043,    -0.043,     0.072,     0.094,    -4.752,    -4.632,     7.350,     9.902,     0.000,     0.000,     0.000,     0.000,     3.323,    53.174,   -60.576,    80.672,     26.63,  1006.982,    52.312,    0.9332,   -0.2468,    0.2609,   -0.0143,   -32.239,    28.674,   -10.201,     0.000,     0.000,     0.000,         0, idle,     0.000,     0.000,     0.096,     0.096, 2753,  01
16:05:21.090,    195980,    -0.043,    -0.043,     0.072,     0.094,    -4.752,    -4.632,     7.350,     9.902,     0.000,     0.000,     0.000,     0.000,     3.777,    53.174,   -60.425,    80.578,     26.63,  1006.982,    52.312,    0.9332,   -0.2468,    0.2609,   -0.0143,   -32.239,    28.674,   -10.201,     0.000,     0.000,     0.000,         0, idle,     0.000,     0.000,     0.096,     0.096, 2755,  01
16:05:21.120,    196013,    -0.043,    -0.043,     0.072,     0.094,    -4.752,    -4.632,     7.350,     9.902,     0.000,     0.000,     0.000,     0.000,     3.928,    53.174,   -60.274,    80.472,     26.63,  1006.982,    52.312,    0.9332,   -0.2468,    0.2609,   -0.0143,   -32.239,    28.674,   -10.201,     0.000,     0.000,     0.000,         0, idle,     0.000,     0.000,     0.096,     0.096, 2758,  01
16:05:21.150,    196046,    -0.043,    -0.043,     0.072,     0.094,    -4.752,    -4.632,     7.350,     9.902,     0.000,     0.000,     0.000,     0.000,     3.777,    53.174,   -60.274,    80.465,     26.63,  1006.982,    52.312,    0.9332,   -0.2468,    0.2609,   -0.0143,   -32.239,    28.674,   -10.201,     0.000,     0.000,     0.000,         0, idle,     0.000,     0.000,     0.096,     0.096, 2757,  01
16:05:21.180,    196079,    -0.043,    -0.043,     0.072,     0.094,    -4.752,    -4.632,     7.350,     9.902,     0.000,     0.000,     0.000,     0.000,     3.928,    53.023,   -60.274,    80.373,     26.63,  1006.982,    52.312,    0.9332,   -0.2468,    0.2609,   -0.0143,   -32.239,    28.674,   -10.201,     0.000,     0.000,     0.000,         0, idle,     0.000,     0.000,     0.096,     0.096, 2753,  01
16:05:21.210,    196112,    -0.043,    -0.043,     0.072,     0.094,    -4.752,    -4.632,     7.350,     9.902,     0.000,     0.000,     0.000,     0.000,     3.928,    53.174,   -59.972,    80.246,     26.63,  1006.982,    52.312,    0.9332,   -0.2468,    0.2609,   -0.0143,   -32.239,    28.674,   -10.201,     0.000,     0.000,     0.000,         0, idle,     0.000,     0.000,     0.096,     0.096, 2756,  01
16:05:21.240,    196145,    -0.043,    -0.043,     0.072,     0.094,    -4.752,    -4.632,     7.350,     9.902,     0.000,     0.000,     0.000,     0.000,     3.777,    53.325,   -60.274,    80.565,     26.63,  1006.982,    52.312,    0.9332,   -0.2468,    0.2609,   -0.0143,   -32.239,    28.674,   -10.201,     0.000,     0.000,     0.000,         0, idle,     0.000,     0.000,     0.096,     0.096, 2756,  01
16:05:21.285,    196178,    -0.043,    -0.043,     0.072,     0.094,    -4.752,    -4.632,     7.350,     9.902,     0.000,     0.000,     0.000,     0.000,     3.625,    53.174,   -60.425,    80.571,     26.63,  1006.982,    52.312,    0.9332,   -0.2468,    0.2609,   -0.0143,   -32.239,    28.674,   -10.201,     0.000,     0.000,     0.000,         0, idle,     0.000,     0.000,     0.096,     0.096, 2741,  01
16:05:21.315,    196211,    -0.043,    -0.043,     0.072,     0.094,    -4.752,    -4.632,     7.350,     9.902,     0.000,     0.000,     0.000,     0.000,     3.625,    53.023,   -60.727,    80.699,     26.63,  1006.982,    52.312,    0.9332,   -0.2468,    0.2609,   -0.0143,   -32.239,    28.674,   -10.201,     0.000,     0.000,     0.000,         0, idle,     0.000,     0.000,     0.096,     0.096, 2743,  01
16:05:21.345,    196244,    -0.043,    -0.043,     0.072,     0.094,    -4.752,    -4.632,     7.350,     9.902,     0.000,     0.000,     0.000,     0.000,     3.625,    53.325,   -60.425,    80.671,     26.63,  1006.982,    52.312,    0.9332,   -0.2468,    0.2609,   -0.0143,   -32.239,    28.674,   -10.201,     0.000,     0.000,     0.000,         0, idle,     0.000,     0.000,     0.096,     0.096, 2748,  01
16:05:21.375,    196277,    -0.043,    -0.043,     0.072,     0.094,    -4.752,    -4.632,     7.350,     9.902,     0.000,     0.000,     0.000,     0.000,     3.777,    53.325,   -60.425,    80.678,     26.63,  1006.982,    52.312,    0.9332,   -0.2468,    0.2609,   -0.0143,   -32.239,    28.674,   -10.201,     0.000,     0.000,     0.000,         0, idle,     0.000,     0.000,     0.096,     0.096, 2752,  01
16:05:21.405,    196310,    -0.043,    -0.043,     0.072,     0.094,    -4.752,    -4.632,     7.350,     9.902,     0.000,     0.000,     0.000,     0.000,     4.079,    53.023,   -60.425,    80.494,     26.63,  1006.982,    52.314,    0.9332,   -0.2468,    0.2609,   -0.0143,   -32.239,    28.674,   -10.201,     0.000,     0.000,     0.000,         0, idle,     0.000,     0.000,     0.096,     0.096, 2756,  01
16:05:21.450,    196343,    -0.043,    -0.043,     0.072,     0.094,    -4.752,    -4.632,     7.350,     9.902,     0.000,     0.000,     0.000,     0.000,     4.079,    53.174,   -60.576,    80.706,     26.63,  1006.982,    52.317,    0.9332,   -0.2468,    0.2609,   -0.0143,   -32.239,    28.674,   -10.201,     0.000,     0.000,     0.000,         0, idle,     0.000,     0.000,     0.096,     0.096, 2756,  01
16:05:21.480,    196376,    -0.043,    -0.043,     0.072,     0.094,    -4.752,    -4.632,     7.350,     9.902,     0.000,     0.000,     0.000,     0.000,     3.928,    53.174,   -60.425,    80.586,     26.63,  1006.982,    52.319,    0.9332,   -0.2468,    0.2609,   -0.0143,   -32.239,    28.674,   -10.201,     0.000,     0.000,     0.000,         0, idle,     0.000,     0.000,     0.096,     0.096, 2753,  01
16:05:21.510,    196409,    -0.043,    -0.043,     0.072,     0.094,    -4.752,    -4.632,     7.350,     9.902,     0.000,     0.000,     0.000,     0.000,     3.928,    53.174,   -60.274,    80.472,     26.64,  1006.981,    52.321,    0.9332,   -0.2468,    0.2609,   -0.0143,   -32.239,    28.674,   -10.201,     0.000,     0.000,     0.000,         0, idle,     0.000,     0.000,     0.096,     0.096, 2755,  01
16:05:21.540,    196442,    -0.043,    -0.043,     0.072,     0.094,    -4.752,    -4.632,     7.350,     9.902,     0.000,     0.000,     0.000,     0.000,     3.625,    53.476,   -60.576,    80.884,     26.64,  1006.981,    52.325,    0.9332,   -0.2468,    0.2609,   -0.0143,   -32.239,    28.674,   -10.201,     0.000,     0.000,     0.000,         0, idle,     0.000,     0.000,     0.096,     0.096, 2755,  01
16:05:21.570,    196475,    -0.043,    -0.043,     0.072,     0.094,    -4.752,    -4.632,     7.350,     9.902,     0.000,     0.000,     0.000,     0.000,     3.928,    53.174,   -60.123,    80.359,     26.64,  1006.980,    52.327,    0.9332,   -0.2468,    0.2609,   -0.0143,   -32.239,    28.674,   -10.201,     0.000,     0.000,     0.000,         0, idle,     0.000,     0.000,     0.096,     0.096, 2755,  01
16:05:21.615,    196508,    -0.048,    -0.043,     0.072,     0.096,    -4.752,    -4.632,     7.350,     9.902,     0.000,     0.000,     0.000,     0.000,     3.777,    53.174,   -59.972,    80.239,     26.64,  1006.980,    52.330,    0.9332,   -0.2468,    0.2609,   -0.0143,   -32.239,    28.674,   -10.201,     0.000,     0.000,     0.000,         0, idle,     0.000,     0.000,     0.096,     0.096, 2759,  01
16:05:21.645,    196541,    -0.048,    -0.043,     0.072,     0.096,    -4.752,    -4.632,     7.350,     9.902,     0.000,     0.000,     0.000,     0.000,     4.079,    53.325,   -60.123,    80.467,     26.63,  1006.980,    52.335,    0.9332,   -0.2468,    0.2609,   -0.0143,   -32.239,    28.674,   -10.201,     0.000,     0.000,     0.000,         0, idle,     0.000,     0.000,     0.096,     0.096, 2759,  01
16:05:21.675,    196574,    -0.043,    -0.043,     0.072,     0.094,    -4.752,    -4.632,     7.350,     9.902,     0.000,     0.000,     0.000,     0.000,     3.625,    53.023,   -60.576,    80.585,     26.63,  1006.979,    52.337,    0.9332,   -0.2468,    0.2609,   -0.0143,   -32.239,    28.674,   -10.201,     0.000,     0.000,     0.000,         0, idle,     0.000,     0.000,     0.096,     0.096, 2756,  01
16:05:21.705,    196607,    -0.043,    -0.043,     0.072,     0.094,    -4.752,    -4.632,     7.350,     9.902,     0.000,     0.000,     0.000,     0.000,     3.928,    53.627,   -60.274,    80.773,     26.63,  1006.979,    52.343,    0.9332,   -0.2468,    0.2609,   -0.0143,   -32.239,    28.674,   -10.201,     0.000,     0.000,     0.000,         0, idle,     0.000,     0.000,     0.096,     0.096, 2758,  01
16:05:21.735,    196640,    -0.043,    -0.043,     0.072,     0.094,    -4.752,    -4.632,     7.350,     9.902,     0.000,     0.000,     0.000,     0.000,     3.777,    53.174,   -60.274,    80.465,     26.63,  1006.978,    52.348,    0.9332,   -0.2468,    0.2609,   -0.0143,   -32.239,    28.674,   -10.201,     0.000,     0.000,     0.000,         0, idle,     0.000,     0.000,     0.096,     0.096, 2758,  01
16:05:21.780,    196673,    -0.048,    -0.043,     0.072,     0.096,    -4.752,    -4.632,     7.350,     9.902,     0.000,     0.000,     0.000,     0.000,     3.625,    53.023,   -60.425,    80.472,     26.63,  1006.978,    52.354,    0.9332,   -0.2468,    0.2609,   -0.0143,   -32.239,    28.674,   -10.201,     0.000,     0.000,     0.000,         0, idle,     0.000,     0.000,     0.096,     0.096, 2733,  01
16:05:21.810,    196706,    -0.043,    -0.043,     0.072,     0.094,    -4.752,    -4.632,     7.350,     9.902,     0.000,     0.000,     0.000,     0.000,     3.928,    53.325,   -60.425,    80.685,     26.63,  1006.977,    52.356,    0.9332,   -0.2468,    0.2609,   -0.0143,   -32.239,    28.674,   -10.201,     0.000,     0.000,     0.000,         0, idle,     0.000,     0.000,     0.096,     0.096, 2729,  01
16:05:21.840,    196739,    -0.043,    -0.043,     0.072,     0.094,    -4.752,    -4.632,     7.350,     9.902,     0.000,     0.000,     0.000,     0.000,     3.777,    53.174,   -60.123,    80.352,     26.63,  1006.977,    52.361,    0.9332,   -0.2468,    0.2609,   -0.0143,   -32.239,    28.674,   -10.201,     0.000,     0.000,     0.000,         0, idle,     0.000,     0.000,     0.096,     0.096, 2734,  01
16:05:21.870,    196772,    -0.043,    -0.043,     0.072,     0.094,    -4.752,    -4.632,     7.350,     9.902,     0.000,     0.000,     0.000,     0.000,     3.625,    53.174,   -60.425,    80.571,     26.63,  1006.976,    52.364,    0.9332,   -0.2468,    0.2609,   -0.0143,   -32.239,    28.674,   -10.201,     0.000,     0.000,     0.000,         0, idle,     0.000,     0.000,     0.096,     0.096, 2740,  01
16:05:21.900,    196805,    -0.043,    -0.043,     0.072,     0.094,    -4.752,    -4.632,     7.350,     9.902,     0.000,     0.000,     0.000,     0.000,     3.625,    53.023,   -60.576,    80.585,     26.63,  1006.975,    52.370,    0.9332,   -0.2468,    0.2609,   -0.0143,   -32.239,    28.674,   -10.201,     0.000,     0.000,     0.000,         0, idle,     0.000,     0.000,     0.096,     0.096, 2743,  01
16:05:21.946,    196838,    -0.043,    -0.043,     0.072,     0.094,    -4.752,    -4.632,     7.350,     9.902,     0.000,     0.000,     0.000,     0.000,     3.928,    53.325,   -60.425,    80.685,     26.63,  1006.975,    52.375,    0.9332,   -0.2468,    0.2609,   -0.0143,   -32.239,    28.674,   -10.201,     0.000,     0.000,     0.000,         0, idle,     0.000,     0.000,     0.096,     0.096, 2745,  01
16:05:21.975,    196871,    -0.043,    -0.043,     0.072,     0.094,    -4.752,    -4.632,     7.345,     9.899,     0.000,     0.000,     0.000,     0.000,     3.777,    53.174,   -60.274,    80.465,     26.63,  1006.974,    52.380,    0.9332,   -0.2468,    0.2609,   -0.0143,   -32.239,    28.674,   -10.201,     0.000,     0.000,     0.000,         0, idle,     0.000,     0.000,     0.096,     0.096, 2745,  01
16:05:22.005,    196904,    -0.043,    -0.043,     0.072,     0.094,    -4.752,    -4.632,     7.345,     9.899,     0.000,     0.000,     0.000,     0.000,     3.928,    53.325,   -60.274,    80.572,     26.63,  1006.974,    52.382,    0.9332,   -0.2468,    0.2609,   -0.0143,   -32.239,    28.674,   -10.201,     0.000,     0.000,     0.000,         0, idle,     0.000,     0.000,     0.096,     0.096, 2745,  01
16:05:22.035,    196937,    -0.043,    -0.043,     0.072,     0.094,    -4.752,    -4.632,     7.345,     9.899,     0.000,     0.000,     0.000,     0.000,     3.928,    53.476,   -59.972,    80.447,     26.64,  1006.973,    52.386,    0.9332,   -0.2468,    0.2609,   -0.0143,   -32.239,    28.674,   -10.201,     0.000,     0.000,     0.000,         0, idle,     0.000,     0.000,     0.096,     0.096, 2749,  01
16:05:22.066,    196970,    -0.043,    -0.043,     0.072,     0.094,    -4.752,    -4.632,     7.345,     9.899,     0.000,     0.000,     0.000,     0.000,     3.928,    53.174,   -59.972,    80.246,     26.64,  1006.973,    52.393,    0.9332,   -0.2468,    0.2609,   -0.0143,   -32.239,    28.674,   -10.201,     0.000,     0.000,     0.000,         0, idle,     0.000,     0.000,     0.096,     0.096, 2749,  01
16:05:22.110,    197003,    -0.043,    -0.043,     0.067,     0.091,    -4.752,    -4.632,     7.345,     9.899,     0.000,     0.000,     0.000,     0.000,     3.928,    53.325,   -60.123,    80.459,     26.63,  1006.972,    52.395,    0.9332,   -0.2468,    0.2609,   -0.0143,   -32.239,    28.674,   -10.201,     0.000,     0.000,     0.000,         0, idle,     0.000,     0.000,     0.096,     0.096, 2746,  01
16:05:22.140,    197036,    -0.043,    -0.043,     0.067,     0.091,    -4.752,    -4.632,     7.345,     9.899,     0.000,     0.000,     0.000,     0.000,     3.777,    53.174,   -60.274,    80.465,     26.63,  1006.972,    52.401,    0.9332,   -0.2468,    0.2609,   -0.0143,   -32.239,    28.674,   -10.201,     0.000,     0.000,     0.000,         0, idle,     0.000,     0.000,     0.096,     0.096, 2748,  01
16:05:22.200,    197069,    -0.043,    -0.043,     0.067,     0.091,    -4.752,    -4.632,     7.345,     9.899,     0.000,     0.000,     0.000,     0.000,     3.625,    53.627,   -60.576,    80.984,     26.63,  1006.971,    52.404,    0.9332,   -0.2468,    0.2609,   -0.0143,   -32.239,    28.674,   -10.201,     0.000,     0.000,     0.000,         0, idle,     0.000,     0.000,     0.096,     0.096, 2748,  01
16:05:22.202,    197102,    -0.043,    -0.043,     0.067,     0.091,    -4.752,    -4.632,     7.345,     9.899,     0.000,     0.000,     0.000,     0.000,     4.079,    53.476,   -60.425,    80.793,     26.63,  1006.971,    52.409,    0.9332,   -0.2468,    0.2609,   -0.0143,   -32.239,    28.674,   -10.201,     0.000,     0.000,     0.000,         0, idle,     0.000,     0.000,     0.096,     0.096, 2746,  01
16:05:22.230,    197135,    -0.048,    -0.043,     0.067,     0.093,    -4.752,    -4.632,     7.345,     9.899,     0.000,     0.000,     0.000,     0.000,     3.625,    53.023,   -60.576,    80.585,     26.63,  1006.970,    52.415,    0.9332,   -0.2468,    0.2609,   -0.0143,   -32.239,    28.674,   -10.201,     0.000,     0.000,     0.000,         0, idle,     0.000,     0.000,     0.096,     0.096, 2746,  01
16:05:22.275,    197168,    -0.043,    -0.043,     0.067,     0.091,    -4.752,    -4.632,     7.345,     9.899,     0.000,     0.000,     0.000,     0.000,     3.777,    53.174,   -60.425,    80.578,     26.63,  1006.970,    52.417,    0.9332,   -0.2468,    0.2609,   -0.0143,   -32.239,    28.674,   -10.201,     0.000,     0.000,     0.000,         0, idle,     0.000,     0.000,     0.096,     0.096, 2749,  01
16:05:22.305,    197201,    -0.043,    -0.043,     0.067,     0.091,    -4.752,    -4.632,     7.345,     9.899,     0.000,     0.000,     0.000,     0.000,     3.777,    53.476,   -60.274,    80.665,     26.63,  1006.969,    52.420,    0.9332,   -0.2468,    0.2609,   -0.0143,   -32.239,    28.674,   -10.201,     0.000,     0.000,     0.000,         0, idle,     0.000,     0.000,     0.096,     0.096, 2731,  01
16:05:22.335,    197234,    -0.043,    -0.043,     0.067,     0.091,    -4.752,    -4.632,     7.345,     9.899,     0.000,     0.000,     0.000,     0.000,     3.777,    53.174,   -60.274,    80.465,     26.63,  1006.969,    52.422,    0.9332,   -0.2468,    0.2609,   -0.0143,   -32.239,    28.674,   -10.201,     0.000,     0.000,     0.000,         0, idle,     0.000,     0.000,     0.096,     0.096, 2734,  01
16:05:22.365,    197267,    -0.048,    -0.043,     0.067,     0.093,    -4.752,    -4.632,     7.345,     9.899,     0.000,     0.000,     0.000,     0.000,     3.625,    53.174,   -60.425,    80.571,     26.63,  1006.969,    52.424,    0.9332,   -0.2468,    0.2609,   -0.0143,   -32.239,    28.674,   -10.201,     0.000,     0.000,     0.000,         0, idle,     0.000,     0.000,     0.096,     0.096, 2738,  01
16:05:22.395,    197300,    -0.048,    -0.043,     0.067,     0.093,    -4.752,    -4.632,     7.345,     9.899,     0.000,     0.000,     0.000,     0.000,     3.625,    52.872,   -60.425,    80.372,     26.63,  1006.968,    52.430,    0.9332,   -0.2468,    0.2609,   -0.0143,   -32.239,    28.680,   -10.201,     0.000,     0.000,     0.000,         0, idle,     0.000,     0.000,     0.096,     0.096, 2742,  01
16:05:22.440,    197333,    -0.043,    -0.043,     0.072,     0.094,    -4.752,    -4.632,     7.345,     9.899,     0.000,     0.000,     0.000,     0.000,     3.928,    53.174,   -60.274,    80.472,     26.63,  1006.968,    52.433,    0.9332,   -0.2468,    0.2609,   -0.0143,   -32.239,    28.680,   -10.201,     0.000,     0.000,     0.000,         0, idle,     0.000,     0.000,     0.096,     0.096, 2744,  01
16:05:22.470,    197366,    -0.043,    -0.043,     0.072,     0.094,    -4.752,    -4.632,     7.345,     9.899,     0.000,     0.000,     0.000,     0.000,     3.928,    53.174,   -60.274,    80.472,     26.63,  1006.968,    52.435,    0.9332,   -0.2468,    0.2609,   -0.0143,   -32.239,    28.680,   -10.201,     0.000,     0.000,     0.000,         0, idle,     0.000,     0.000,     0.096,     0.096, 2740,  01
16:05:22.500,    197399,    -0.048,    -0.043,     0.067,     0.093,    -4.752,    -4.632,     7.345,     9.899,     0.000,     0.000,     0.000,     0.000,     3.777,    53.174,   -60.425,    80.578,     26.63,  1006.968,    52.435,    0.9332,   -0.2468,    0.2609,   -0.0143,   -32.239,    28.680,   -10.201,     0.000,     0.000,     0.000,         0, idle,     0.000,     0.000,     0.096,     0.096, 2743,  01
16:05:22.530,    197432,    -0.043,    -0.043,     0.067,     0.091,    -4.752,    -4.632,     7.345,     9.899,     0.000,     0.000,     0.000,     0.000,     3.625,    53.023,   -60.274,    80.358,     26.63,  1006.967,    52.438,    0.9332,   -0.2468,    0.2609,   -0.0143,   -32.239,    28.680,   -10.201,     0.000,     0.000,     0.000,         0, idle,     0.000,     0.000,     0.096,     0.096, 2745,  01
16:05:22.560,    197465,    -0.043,    -0.043,     0.067,     0.091,    -4.752,    -4.632,     7.345,     9.899,     0.000,     0.000,     0.000,     0.000,     3.777,    53.476,   -60.123,    80.552,     26.63,  1006.967,    52.438,    0.9332,   -0.2468,    0.2609,   -0.0143,   -32.239,    28.680,   -10.201,     0.000,     0.000,     0.000,         0, idle,     0.000,     0.000,     0.096,     0.096, 2746,  01
16:05:22.605,    197498,    -0.043,    -0.043,     0.067,     0.091,    -4.752,    -4.632,     7.345,     9.899,     0.000,     0.000,     0.000,     0.000,     3.625,    53.174,   -60.274,    80.458,     26.64,  1006.967,    52.440,    0.9332,   -0.2468,    0.2609,   -0.0143,   -32.239,    28.680,   -10.201,     0.000,     0.000,     0.000,         0, idle,     0.000,     0.000,     0.096,     0.096, 2746,  01
16:05:22.635,    197531,    -0.048,    -0.043,     0.067,     0.093,    -4.752,    -4.632,     7.345,     9.899,     0.000,     0.000,     0.000,     0.000,     4.079,    53.174,   -60.123,    80.367,     26.64,  1006.967,    52.440,    0.9332,   -0.2468,    0.2609,   -0.0143,   -32.239,    28.680,   -10.201,     0.000,     0.000,     0.000,         0, idle,     0.000,     0.000,     0.096,     0.096, 2746,  01
16:05:22.665,    197564,    -0.043,    -0.043,     0.067,     0.091,    -4.752,    -4.632,     7.345,     9.899,     0.000,     0.000,     0.000,     0.000,     3.474,    53.174,   -60.274,    80.452,     26.64,  1006.967,    52.444,    0.9332,   -0.2468,    0.2609,   -0.0142,   -32.239,    28.680,   -10.201,     0.000,     0.000,     0.000,         0, idle,     0.000,     0.000,     0.096,     0.096, 2749,  01
16:05:22.695,    197597,    -0.043,    -0.043,     0.072,     0.094,    -4.752,    -4.632,     7.345,     9.899,     0.000,     0.000,     0.000,     0.000,     3.625,    53.174,   -60.425,    80.571,     26.64,  1006.967,    52.444,    0.9332,   -0.2468,    0.2609,   -0.0142,   -32.239,    28.680,   -10.201,     0.000,     0.000,     0.000,         0, idle,     0.000,     0.000,     0.096,     0.096, 2746,  01
16:05:22.725,    197630,    -0.043,    -0.043,     0.072,     0.094,    -4.752,    -4.632,     7.345,     9.899,     0.000,     0.000,     0.000,     0.000,     3.474,    53.023,   -60.576,    80.579,     26.64,  1006.967,    52.444,    0.9332,   -0.2468,    0.2609,   -0.0142,   -32.239,    28.680,   -10.201,     0.000,     0.000,     0.000,         0, idle,     0.000,     0.000,     0.096,     0.096, 2746,  01
16:05:22.770,    197663,    -0.048,    -0.043,     0.072,     0.096,    -4.752,    -4.632,     7.345,     9.899,     0.000,     0.000,     0.000,     0.000,     3.625,    53.174,   -60.425,    80.571,     26.64,  1006.967,    52.444,    0.9332,   -0.2468,    0.2609,   -0.0142,   -32.239,    28.680,   -10.201,     0.000,     0.000,     0.000,         0, idle,     0.000,     0.000,     0.096,     0.096, 2726,  01
16:05:22.800,    197696,    -0.048,    -0.043,     0.072,     0.096,    -4.752,    -4.632,     7.345,     9.899,     0.000,     0.000,     0.000,     0.000,     3.928,    53.325,   -60.274,    80.572,     26.64,  1006.967,    52.444,    0.9332,   -0.2468,    0.2609,   -0.0142,   -32.239,    28.680,   -10.201,     0.000,     0.000,     0.000,         0, idle,     0.000,     0.000,     0.096,     0.096, 2731,  01
16:05:22.830,    197729,    -0.048,    -0.043,     0.072,     0.096,    -4.752,    -4.632,     7.345,     9.899,     0.000,     0.000,     0.000,     0.000,     3.625,    53.325,   -60.425,    80.671,     26.64,  1006.967,    52.444,    0.9332,   -0.2468,    0.2609,   -0.0142,   -32.239,    28.680,   -10.201,     0.000,     0.000,     0.000,         0, idle,     0.000,     0.000,     0.096,     0.096, 2736,  01
16:05:22.860,    197762,    -0.048,    -0.043,     0.072,     0.096,    -4.752,    -4.632,     7.345,     9.899,     0.000,     0.000,     0.000,     0.000,     3.777,    53.476,   -60.274,    80.665,     26.64,  1006.967,    52.444,    0.9332,   -0.2468,    0.2609,   -0.0142,   -32.239,    28.680,   -10.201,     0.000,     0.000,     0.000,         0, idle,     0.000,     0.000,     0.096,     0.096, 2740,  01
16:05:22.890,    197795,    -0.048,    -0.043,     0.072,     0.096,    -4.752,    -4.632,     7.345,     9.899,     0.000,     0.000,     0.000,     0.000,     3.625,    53.476,   -60.123,    80.545,     26.64,  1006.967,    52.444,    0.9331,   -0.2468,    0.2609,   -0.0142,   -32.239,    28.685,   -10.201,     0.000,     0.000,     0.000,         0, idle,     0.000,     0.000,     0.096,     0.096, 2740,  01
16:05:22.935,    197828,    -0.048,    -0.043,     0.072,     0.096,    -4.752,    -4.632,     7.345,     9.899,     0.000,     0.000,     0.000,     0.000,     3.777,    53.476,   -60.123,    80.552,     26.64,  1006.967,    52.444,    0.9331,   -0.2468,    0.2610,   -0.0142,   -32.239,    28.685,   -10.201,     0.000,     0.000,     0.000,         0, idle,     0.000,     0.000,     0.096,     0.096, 2746,  01
16:05:22.965,    197861,    -0.048,    -0.043,     0.072,     0.096,    -4.752,    -4.632,     7.345,     9.899,     0.000,     0.000,     0.000,     0.000,     3.777,    53.325,   -60.274,    80.565,     26.64,  1006.967,    52.444,    0.9331,   -0.2468,    0.2610,   -0.0142,   -32.239,    28.685,   -10.201,     0.000,     0.000,     0.000,         0, idle,     0.000,     0.000,     0.096,     0.096, 2746,  01
16:05:22.995,    197894,    -0.043,    -0.043,     0.072,     0.094,    -4.752,    -4.632,     7.345,     9.899,     0.000,     0.000,     0.000,     0.000,     3.777,    53.325,   -60.274,    80.565,     26.64,  1006.967,    52.444,    0.9331,   -0.2468,    0.2610,   -0.0142,   -32.239,    28.685,   -10.201,     0.000,     0.000,     0.000,         0, idle,     0.000,     0.000,     0.096,     0.096, 2746,  01
16:05:23.025,    197927,    -0.043,    -0.043,     0.072,     0.094,    -4.752,    -4.632,     7.345,     9.899,     0.000,     0.000,     0.000,     0.000,     4.079,    53.627,   -60.123,    80.667,     26.64,  1006.967,    52.440,    0.9331,   -0.2468,    0.2610,   -0.0142,   -32.239,    28.685,   -10.201,     0.000,     0.000,     0.000,         0, idle,     0.000,     0.000,     0.096,     0.096, 2746,  01
16:05:23.055,    197960,    -0.048,    -0.043,     0.072,     0.096,    -4.752,    -4.632,     7.345,     9.899,     0.000,     0.000,     0.000,     0.000,     3.625,    53.476,   -60.123,    80.545,     26.64,  1006.967,    52.440,    0.9331,   -0.2468,    0.2610,   -0.0142,   -32.239,    28.685,   -10.201,     0.000,     0.000,     0.000,         0, idle,     0.000,     0.000,     0.096,     0.096, 2746,  01
